0.930000	0.730900
0.965000	0.878572
1.000000	1.000000
1.035000	1.105998
1.070000	1.201677
1.105000	1.289786
1.140000	1.372053
1.175000	1.449650
1.210000	1.523421
1.245000	1.593998
1.280000	1.661874
1.315000	1.727440
1.350000	1.791019
1.385000	1.852881
1.420000	1.913252
1.455000	1.972333
1.490000	2.030295
1.525000	2.087293
1.560000	2.143466
1.595000	2.198940
1.630000	2.253831
1.665000	2.308247
1.700000	2.362291
1.735000	2.416060
1.770000	2.469647
1.805000	2.523142
1.840000	2.576634
1.875000	2.630212
1.910000	2.683963
1.945000	2.737978
1.980000	2.792345
2.015000	2.847159
2.050000	2.902517
2.085000	2.958519
2.120000	3.015273
2.155000	3.072893
2.190000	3.131500
2.225000	3.191227
2.260000	3.252216
2.295000	3.314625
2.330000	3.378628
2.365000	3.444418
2.400000	3.512212
2.435000	3.582255
2.470000	3.654826
2.505000	3.730246
2.540000	3.808888
2.575000	3.891188
2.610000	3.977661
2.645000	4.068926
2.680000	4.165734
2.715000	4.269006
2.750000	4.379898
2.785000	4.499886
2.820000	4.630892
2.855000	4.775498
2.890000	4.937281
2.925000	5.121404
2.960000	5.335732
2.995000	5.593114
3.030000	5.916769
3.065000	6.355619
3.100000	7.044839
3.135000	8.704050
