1.000000	0.000000
1.010000	0.018802
1.020000	0.038214
1.030000	0.058273
1.040000	0.079017
1.050000	0.100488
1.060000	0.122731
1.070000	0.145796
1.080000	0.169733
1.090000	0.194601
1.100000	0.220460
1.110000	0.247379
1.120000	0.275430
1.130000	0.304692
1.140000	0.335253
1.150000	0.367208
1.160000	0.400662
1.170000	0.435728
1.180000	0.472534
1.190000	0.511220
1.200000	0.551941
1.210000	0.594868
1.220000	0.640194
1.230000	0.688133
1.240000	0.738925
1.250000	0.792839
1.260000	0.850182
1.270000	0.911297
1.280000	0.976579
1.290000	1.046475
1.300000	1.121500
1.310000	1.202249
1.320000	1.289410
1.330000	1.383787
1.340000	1.486320
1.350000	1.598125
1.360000	1.720523
1.370000	1.855104
1.380000	2.003788
1.390000	2.168920
1.400000	2.353396
1.410000	2.560830
1.420000	2.795797
1.430000	3.064170
1.440000	3.373619
1.450000	3.734354
1.460000	4.160268
1.470000	4.670773
1.480000	5.293827
1.490000	6.071235
1.500000	7.068415
1.510000	8.393833
1.520000	10.241362
1.530000	12.994966
1.540000	17.537324
1.550000	26.448871
1.560000	51.870452
1.570000	715.775519
