1.000000	0.000000
1.010000	0.018508
1.020000	0.037605
1.030000	0.057324
1.040000	0.077703
1.050000	0.098781
1.060000	0.120601
1.070000	0.143208
1.080000	0.166652
1.090000	0.190987
1.100000	0.216271
1.110000	0.242566
1.120000	0.269942
1.130000	0.298471
1.140000	0.328236
1.150000	0.359324
1.160000	0.391834
1.170000	0.425871
1.180000	0.461552
1.190000	0.499008
1.200000	0.538379
1.210000	0.579823
1.220000	0.623518
1.230000	0.669657
1.240000	0.718459
1.250000	0.770168
1.260000	0.825060
1.270000	0.883446
1.280000	0.945677
1.290000	1.012153
1.300000	1.083332
1.310000	1.159738
1.320000	1.241976
1.330000	1.330749
1.340000	1.426874
1.350000	1.531312
1.360000	1.645196
1.370000	1.769876
1.380000	1.906969
1.390000	2.058432
1.400000	2.226656
1.410000	2.414589
1.420000	2.625917
1.430000	2.865298
1.440000	3.138718
1.450000	3.453991
1.460000	3.821519
1.470000	4.255461
1.480000	4.775593
1.490000	5.410402
1.500000	6.202482
1.510000	7.218488
1.520000	8.568933
1.530000	10.451350
1.540000	13.256952
1.550000	17.885073
1.560000	26.964828
1.570000	52.866014
