1.000000	0.000000
1.010000	0.018799
1.020000	0.038209
1.030000	0.058265
1.040000	0.079005
1.050000	0.100473
1.060000	0.122712
1.070000	0.145772
1.080000	0.169704
1.090000	0.194567
1.100000	0.220421
1.110000	0.247333
1.120000	0.275376
1.130000	0.304631
1.140000	0.335183
1.150000	0.367128
1.160000	0.400570
1.170000	0.435625
1.180000	0.472417
1.190000	0.511088
1.200000	0.551792
1.210000	0.594700
1.220000	0.640004
1.230000	0.687918
1.240000	0.738682
1.250000	0.792565
1.260000	0.849872
1.270000	0.910946
1.280000	0.976179
1.290000	1.046020
1.300000	1.120982
1.310000	1.201656
1.320000	1.288729
1.330000	1.383002
1.340000	1.485413
1.350000	1.597071
1.360000	1.719293
1.370000	1.853659
1.380000	2.002080
1.390000	2.166887
1.400000	2.350956
1.410000	2.557876
1.420000	2.792181
1.430000	3.059691
1.440000	3.367992
1.450000	3.727170
1.460000	4.150921
1.470000	4.658329
1.480000	5.276801
1.490000	6.047132
1.500000	7.032803
1.510000	8.338210
1.520000	10.147733
1.530000	12.819715
1.540000	17.151621
1.550000	25.328541
1.560000	46.001165
1.570000	164.639435
